41486627
41502406
41410397
41363859
41478678
41442899
41442898
41418580
41406564
41397327
41508433
41453699
41452091
41412666
41360524
41460919
41460792
41433414
41417869
41416726
41405436
41405126
41399182
41369274
41368878
41367276
41363037
41504568
41504567
41504565
41504564
41504563
41504562
41499589
41453202
41461032
41495909
41490132
41489657
41364775
41481724
41481700
41481559
41481359
41363705
41511472
41505159
41495621
41482834
41467599
41460137
41457978
41457938
41448022
41432360
41420059
41418358
41411925
41407001
41389591
41395768
41362921
41469410
41468439
41462121
41456891
41433063
41460948
41460537
41460334
41460274
41455885
41455716
41454966
41454505
41454504
41454501
41381039
41447408
41444938
41503038
41432965
41430117
41472585
41472582
41430708
41430092
41428077
41416731
41479748
41422186
41488616
41488482
41420092
41419543
41417296
41465192
41431648
41424810
41413428
41413277
41413196
41413138
41410726
41479546
41471252
41405784
41405765
41405675
41405660
41405200
41402124
41401143
41504093
41471244
41465500
41396311
41396199
41397756
41465445
41390780
41390665
41390371
41387691
41386779
41385521
41385133
41471229
41459162
41459145
41458536
41379860
41379350
41379167
41471222
41471219
41465335
41450571
41372311
41372160
41370031
41446279
41366200
41365577
41364252
41364194
41471209
41471208
41439254
41365553
41361579
41360615
41429553
41429546
41465211
41465128
41426698
41470153
41409546
41373828
41503625
41490992
41490734
41490657
41450110
41436327
41431768
41431405
41429668
41429182
41420313
41416578
41411654
41410219
41407557
41406009
41402092
41399971
41396803
41392382
41385864
41385265
41384791
41384376
41381995
41369527
41367228
41366877
41364585
41363878
41360592
41360574
41471173
41471170
41406172
41395869
41394107
41394105
41470116
41373671
41383853
41376792
41376789
41471155
41464412
41368435
41368433
41471146
41373424
41443718
41437595
41418113
41399818
41384662
41379698
41379610
41411386
41411385
41411383
41391020
41378405
41378637
41396039
41369271
41443839
41416598
41392558
